  0.000         0.150          1.000          1.000          1.000
  0.180         0.151          1.000          1.010          1.000
  0.360         0.152          1.000          1.020          0.999
  0.540         0.152          0.999          1.030          0.999
  0.720         0.153          0.999          1.040          0.998
  0.900         0.154          0.999          1.050          0.998
  1.080         0.155          0.999          1.060          0.998
  1.260         0.156          0.998          1.070          0.997
  1.440         0.156          0.998          1.080          0.997
  1.620         0.157          0.998          1.090          0.996
  1.800         0.158          0.998          1.100          0.996
  1.980         0.159          0.997          1.110          0.996
  2.160         0.159          0.997          1.120          0.995
  2.340         0.160          0.997          1.129          0.995
  2.520         0.161          0.997          1.139          0.994
  2.700         0.162          0.996          1.149          0.994
  2.880         0.163          0.996          1.159          0.994
  3.060         0.163          0.996          1.169          0.993
  3.240         0.164          0.996          1.179          0.993
  3.420         0.165          0.995          1.189          0.992
  3.600         0.166          0.995          1.199          0.992
  3.780         0.166          0.995          1.209          0.992
  3.960         0.167          0.995          1.219          0.991
  4.140         0.168          0.994          1.229          0.991
  4.320         0.169          0.994          1.239          0.990
  4.500         0.169          0.994          1.249          0.990
  4.680         0.170          0.994          1.259          0.990
  4.860         0.171          0.993          1.269          0.989
  5.040         0.172          0.993          1.279          0.989
  5.220         0.172          0.993          1.289          0.988
  5.400         0.173          0.993          1.299          0.988
  5.580         0.174          0.992          1.309          0.987
  5.760         0.174          0.992          1.318          0.987
  5.940         0.175          0.992          1.328          0.987
  6.120         0.176          0.992          1.338          0.986
  6.300         0.177          0.991          1.348          0.986
  6.480         0.177          0.991          1.358          0.985
  6.660         0.178          0.991          1.368          0.985
  6.840         0.179          0.991          1.378          0.984
  7.020         0.180          0.990          1.388          0.984
  7.200         0.180          0.990          1.398          0.984
  7.380         0.181          0.990          1.408          0.983
  7.560         0.182          0.989          1.418          0.983
  7.740         0.182          0.989          1.428          0.982
  7.920         0.183          0.989          1.438          0.982
  8.100         0.184          0.989          1.448          0.981
  8.280         0.185          0.988          1.458          0.981
  8.460         0.185          0.988          1.467          0.981
  8.640         0.186          0.988          1.477          0.980
  8.820         0.187          0.988          1.487          0.980
  9.000         0.187          0.987          1.497          0.979
  9.180         0.188          0.987          1.507          0.979
  9.360         0.189          0.987          1.517          0.978
  9.540         0.190          0.986          1.527          0.978
  9.720         0.190          0.986          1.537          0.977
  9.900         0.191          0.986          1.547          0.977
 10.080         0.192          0.986          1.557          0.977
 10.260         0.192          0.985          1.567          0.976
 10.440         0.193          0.985          1.577          0.976
 10.620         0.194          0.985          1.586          0.975
 10.800         0.194          0.984          1.596          0.975
 10.980         0.195          0.984          1.606          0.974
 11.160         0.196          0.984          1.616          0.974
 11.340         0.196          0.984          1.626          0.973
 11.520         0.197          0.983          1.636          0.973
 11.700         0.198          0.983          1.646          0.972
 11.880         0.199          0.983          1.656          0.972
 12.060         0.199          0.982          1.666          0.972
 12.240         0.200          0.982          1.676          0.971
 12.420         0.201          0.982          1.686          0.971
 12.600         0.201          0.981          1.695          0.970
 12.780         0.202          0.981          1.705          0.970
 12.960         0.203          0.981          1.715          0.969
 13.140         0.203          0.981          1.725          0.969
 13.320         0.204          0.980          1.735          0.968
 13.500         0.205          0.980          1.745          0.968
 13.680         0.205          0.980          1.755          0.967
 13.860         0.206          0.979          1.765          0.967
 14.040         0.207          0.979          1.775          0.966
 14.220         0.207          0.979          1.785          0.966
 14.400         0.208          0.978          1.794          0.965
 14.580         0.209          0.978          1.804          0.965
 14.760         0.209          0.978          1.814          0.964
 14.940         0.210          0.977          1.824          0.964
 15.120         0.211          0.977          1.834          0.963
 15.300         0.211          0.977          1.844          0.963
 15.480         0.212          0.977          1.854          0.962
 15.660         0.213          0.976          1.864          0.962
 15.840         0.213          0.976          1.874          0.961
 16.020         0.214          0.976          1.883          0.961
 16.200         0.215          0.975          1.893          0.960
 16.380         0.216          0.975          1.903          0.960
 16.560         0.216          0.975          1.913          0.959
 16.740         0.217          0.974          1.923          0.959
 16.920         0.218          0.974          1.933          0.958
 17.100         0.218          0.974          1.943          0.958
 17.280         0.219          0.973          1.953          0.957
 17.460         0.220          0.973          1.963          0.957
 17.640         0.220          0.973          1.972          0.956
 17.820         0.221          0.972          1.982          0.956
 18.000         0.222          0.972          1.992          0.955
