  0.000         0.050          1.000          1.000          1.000
  0.180         0.050          1.000          1.010          1.000
  0.360         0.051          1.000          1.020          1.000
  0.540         0.051          1.000          1.030          1.000
  0.720         0.051          1.000          1.040          1.000
  0.900         0.051          1.000          1.050          1.000
  1.080         0.051          1.000          1.060          1.000
  1.260         0.052          1.000          1.070          1.000
  1.440         0.052          1.000          1.080          1.000
  1.620         0.052          1.000          1.090          1.000
  1.800         0.052          1.000          1.100          1.000
  1.980         0.053          1.000          1.110          1.000
  2.160         0.053          1.000          1.120          0.999
  2.340         0.053          1.000          1.130          0.999
  2.520         0.053          1.000          1.140          0.999
  2.700         0.054          1.000          1.150          0.999
  2.880         0.054          1.000          1.160          0.999
  3.060         0.054          1.000          1.170          0.999
  3.240         0.054          1.000          1.180          0.999
  3.420         0.055          0.999          1.190          0.999
  3.600         0.055          0.999          1.200          0.999
  3.780         0.055          0.999          1.210          0.999
  3.960         0.055          0.999          1.220          0.999
  4.140         0.056          0.999          1.230          0.999
  4.320         0.056          0.999          1.240          0.999
  4.500         0.056          0.999          1.250          0.999
  4.680         0.056          0.999          1.260          0.999
  4.860         0.056          0.999          1.270          0.999
  5.040         0.057          0.999          1.280          0.999
  5.220         0.057          0.999          1.290          0.999
  5.400         0.057          0.999          1.300          0.999
  5.580         0.057          0.999          1.310          0.999
  5.760         0.058          0.999          1.320          0.999
  5.940         0.058          0.999          1.330          0.999
  6.120         0.058          0.999          1.340          0.999
  6.300         0.058          0.999          1.350          0.998
  6.480         0.058          0.999          1.360          0.998
  6.660         0.059          0.999          1.370          0.998
  6.840         0.059          0.999          1.380          0.998
  7.020         0.059          0.999          1.390          0.998
  7.200         0.059          0.999          1.400          0.998
  7.380         0.059          0.999          1.410          0.998
  7.560         0.060          0.999          1.420          0.998
  7.740         0.060          0.999          1.430          0.998
  7.920         0.060          0.999          1.440          0.998
  8.100         0.060          0.999          1.450          0.998
  8.280         0.061          0.999          1.460          0.998
  8.460         0.061          0.999          1.470          0.998
  8.640         0.061          0.999          1.480          0.998
  8.820         0.061          0.999          1.490          0.998
  9.000         0.061          0.999          1.500          0.998
  9.180         0.062          0.999          1.510          0.998
  9.360         0.062          0.999          1.520          0.998
  9.540         0.062          0.999          1.530          0.998
  9.720         0.062          0.998          1.540          0.998
  9.900         0.062          0.998          1.550          0.998
 10.080         0.063          0.998          1.560          0.997
 10.260         0.063          0.998          1.570          0.997
 10.440         0.063          0.998          1.580          0.997
 10.620         0.063          0.998          1.590          0.997
 10.800         0.063          0.998          1.600          0.997
 10.980         0.064          0.998          1.610          0.997
 11.160         0.064          0.998          1.620          0.997
 11.340         0.064          0.998          1.630          0.997
 11.520         0.064          0.998          1.640          0.997
 11.700         0.064          0.998          1.650          0.997
 11.880         0.065          0.998          1.660          0.997
 12.060         0.065          0.998          1.670          0.997
 12.240         0.065          0.998          1.680          0.997
 12.420         0.065          0.998          1.690          0.997
 12.600         0.065          0.998          1.700          0.997
 12.780         0.066          0.998          1.710          0.997
 12.960         0.066          0.998          1.720          0.997
 13.140         0.066          0.998          1.730          0.997
 13.320         0.066          0.998          1.740          0.997
 13.500         0.066          0.998          1.750          0.997
 13.680         0.067          0.998          1.759          0.997
 13.860         0.067          0.998          1.769          0.996
 14.040         0.067          0.998          1.779          0.996
 14.220         0.067          0.998          1.789          0.996
 14.400         0.067          0.998          1.799          0.996
 14.580         0.068          0.998          1.809          0.996
 14.760         0.068          0.998          1.819          0.996
 14.940         0.068          0.998          1.829          0.996
 15.120         0.068          0.998          1.839          0.996
 15.300         0.068          0.997          1.849          0.996
 15.480         0.068          0.997          1.859          0.996
 15.660         0.069          0.997          1.869          0.996
 15.840         0.069          0.997          1.879          0.996
 16.020         0.069          0.997          1.889          0.996
 16.200         0.069          0.997          1.899          0.996
 16.380         0.069          0.997          1.909          0.996
 16.560         0.070          0.997          1.919          0.996
 16.740         0.070          0.997          1.929          0.996
 16.920         0.070          0.997          1.939          0.996
 17.100         0.070          0.997          1.949          0.996
 17.280         0.070          0.997          1.959          0.996
 17.460         0.070          0.997          1.969          0.995
 17.640         0.071          0.997          1.979          0.995
 17.820         0.071          0.997          1.989          0.995
 18.000         0.071          0.997          1.999          0.995
