  0.000         0.000          1.000          1.000          1.000
  0.180         0.000          1.000          1.010          1.000
  0.360         0.000          1.000          1.020          1.000
  0.540         0.000          1.000          1.030          1.000
  0.720         0.000          1.000          1.040          1.000
  0.900         0.000          1.000          1.050          1.000
  1.080         0.000          1.000          1.060          1.000
  1.260         0.000          1.000          1.070          1.000
  1.440         0.000          1.000          1.080          1.000
  1.620         0.000          1.000          1.090          1.000
  1.800         0.000          1.000          1.100          1.000
  1.980         0.000          1.000          1.110          1.000
  2.160         0.000          1.000          1.120          1.000
  2.340         0.000          1.000          1.130          1.000
  2.520         0.000          1.000          1.140          1.000
  2.700         0.000          1.000          1.150          1.000
  2.880         0.000          1.000          1.160          1.000
  3.060         0.000          1.000          1.170          1.000
  3.240         0.000          1.000          1.180          1.000
  3.420         0.000          1.000          1.190          1.000
  3.600         0.000          1.000          1.200          1.000
  3.780         0.000          1.000          1.210          1.000
  3.960         0.000          1.000          1.220          1.000
  4.140         0.000          1.000          1.230          1.000
  4.320         0.000          1.000          1.240          1.000
  4.500         0.000          1.000          1.250          1.000
  4.680         0.000          1.000          1.260          1.000
  4.860         0.000          1.000          1.270          1.000
  5.040         0.000          1.000          1.280          1.000
  5.220         0.000          1.000          1.290          1.000
  5.400         0.000          1.000          1.300          1.000
  5.580         0.000          1.000          1.310          1.000
  5.760         0.000          1.000          1.320          1.000
  5.940         0.000          1.000          1.330          1.000
  6.120         0.000          1.000          1.340          1.000
  6.300         0.000          1.000          1.350          1.000
  6.480         0.000          1.000          1.360          1.000
  6.660         0.000          1.000          1.370          1.000
  6.840         0.000          1.000          1.380          1.000
  7.020         0.000          1.000          1.390          1.000
  7.200         0.000          1.000          1.400          1.000
  7.380         0.000          1.000          1.410          1.000
  7.560         0.000          1.000          1.420          1.000
  7.740         0.000          1.000          1.430          1.000
  7.920         0.000          1.000          1.440          1.000
  8.100         0.000          1.000          1.450          1.000
  8.280         0.000          1.000          1.460          1.000
  8.460         0.000          1.000          1.470          1.000
  8.640         0.000          1.000          1.480          1.000
  8.820         0.000          1.000          1.490          1.000
  9.000         0.000          1.000          1.500          1.000
  9.180         0.000          1.000          1.510          1.000
  9.360         0.000          1.000          1.520          1.000
  9.540         0.000          1.000          1.530          1.000
  9.720         0.000          1.000          1.540          1.000
  9.900         0.000          1.000          1.550          1.000
 10.080         0.000          1.000          1.560          1.000
 10.260         0.000          1.000          1.570          1.000
 10.440         0.000          1.000          1.580          1.000
 10.620         0.000          1.000          1.590          1.000
 10.800         0.000          1.000          1.600          1.000
 10.980         0.000          1.000          1.610          1.000
 11.160         0.000          1.000          1.620          1.000
 11.340         0.000          1.000          1.630          1.000
 11.520         0.000          1.000          1.640          1.000
 11.700         0.000          1.000          1.650          1.000
 11.880         0.000          1.000          1.660          1.000
 12.060         0.000          1.000          1.670          1.000
 12.240         0.000          1.000          1.680          1.000
 12.420         0.000          1.000          1.690          1.000
 12.600         0.000          1.000          1.700          1.000
 12.780         0.000          1.000          1.710          1.000
 12.960         0.000          1.000          1.720          1.000
 13.140         0.000          1.000          1.730          1.000
 13.320         0.000          1.000          1.740          1.000
 13.500         0.000          1.000          1.750          1.000
 13.680         0.000          1.000          1.760          1.000
 13.860         0.000          1.000          1.770          1.000
 14.040         0.000          1.000          1.780          1.000
 14.220         0.000          1.000          1.790          1.000
 14.400         0.000          1.000          1.800          1.000
 14.580         0.000          1.000          1.810          1.000
 14.760         0.000          1.000          1.820          1.000
 14.940         0.000          1.000          1.830          1.000
 15.120         0.000          1.000          1.840          1.000
 15.300         0.000          1.000          1.850          1.000
 15.480         0.000          1.000          1.860          1.000
 15.660         0.000          1.000          1.870          1.000
 15.840         0.000          1.000          1.880          1.000
 16.020         0.000          1.000          1.890          1.000
 16.200         0.000          1.000          1.900          1.000
 16.380         0.000          1.000          1.910          1.000
 16.560         0.000          1.000          1.920          1.000
 16.740         0.000          1.000          1.930          1.000
 16.920         0.000          1.000          1.940          1.000
 17.100         0.000          1.000          1.950          1.000
 17.280         0.000          1.000          1.960          1.000
 17.460         0.000          1.000          1.970          1.000
 17.640         0.000          1.000          1.980          1.000
 17.820         0.000          1.000          1.990          1.000
 18.000         0.000          1.000          2.000          1.000
