  0.000         0.100          1.000          1.000          1.000
  0.180         0.101          1.000          1.010          1.000
  0.360         0.101          1.000          1.020          1.000
  0.540         0.102          1.000          1.030          0.999
  0.720         0.102          1.000          1.040          0.999
  0.900         0.103          0.999          1.050          0.999
  1.080         0.103          0.999          1.060          0.999
  1.260         0.104          0.999          1.070          0.999
  1.440         0.104          0.999          1.080          0.999
  1.620         0.105          0.999          1.090          0.998
  1.800         0.105          0.999          1.100          0.998
  1.980         0.106          0.999          1.110          0.998
  2.160         0.106          0.999          1.120          0.998
  2.340         0.107          0.999          1.130          0.998
  2.520         0.107          0.999          1.140          0.998
  2.700         0.108          0.998          1.150          0.997
  2.880         0.108          0.998          1.160          0.997
  3.060         0.108          0.998          1.170          0.997
  3.240         0.109          0.998          1.180          0.997
  3.420         0.109          0.998          1.190          0.997
  3.600         0.110          0.998          1.200          0.997
  3.780         0.110          0.998          1.210          0.996
  3.960         0.111          0.998          1.220          0.996
  4.140         0.111          0.998          1.230          0.996
  4.320         0.112          0.997          1.240          0.996
  4.500         0.112          0.997          1.250          0.996
  4.680         0.113          0.997          1.259          0.995
  4.860         0.113          0.997          1.269          0.995
  5.040         0.114          0.997          1.279          0.995
  5.220         0.114          0.997          1.289          0.995
  5.400         0.115          0.997          1.299          0.995
  5.580         0.115          0.997          1.309          0.995
  5.760         0.116          0.997          1.319          0.994
  5.940         0.116          0.996          1.329          0.994
  6.120         0.116          0.996          1.339          0.994
  6.300         0.117          0.996          1.349          0.994
  6.480         0.117          0.996          1.359          0.994
  6.660         0.118          0.996          1.369          0.993
  6.840         0.118          0.996          1.379          0.993
  7.020         0.119          0.996          1.389          0.993
  7.200         0.119          0.996          1.399          0.993
  7.380         0.120          0.995          1.409          0.993
  7.560         0.120          0.995          1.419          0.993
  7.740         0.120          0.995          1.429          0.992
  7.920         0.121          0.995          1.439          0.992
  8.100         0.121          0.995          1.449          0.992
  8.280         0.122          0.995          1.459          0.992
  8.460         0.122          0.995          1.469          0.992
  8.640         0.123          0.995          1.479          0.991
  8.820         0.123          0.995          1.489          0.991
  9.000         0.124          0.994          1.499          0.991
  9.180         0.124          0.994          1.509          0.991
  9.360         0.124          0.994          1.519          0.991
  9.540         0.125          0.994          1.529          0.990
  9.720         0.125          0.994          1.539          0.990
  9.900         0.126          0.994          1.549          0.990
 10.080         0.126          0.994          1.559          0.990
 10.260         0.127          0.994          1.569          0.990
 10.440         0.127          0.993          1.579          0.989
 10.620         0.127          0.993          1.589          0.989
 10.800         0.128          0.993          1.598          0.989
 10.980         0.128          0.993          1.608          0.989
 11.160         0.129          0.993          1.618          0.989
 11.340         0.129          0.993          1.628          0.988
 11.520         0.130          0.993          1.638          0.988
 11.700         0.130          0.993          1.648          0.988
 11.880         0.130          0.992          1.658          0.988
 12.060         0.131          0.992          1.668          0.988
 12.240         0.131          0.992          1.678          0.987
 12.420         0.132          0.992          1.688          0.987
 12.600         0.132          0.992          1.698          0.987
 12.780         0.132          0.992          1.708          0.987
 12.960         0.133          0.992          1.718          0.987
 13.140         0.133          0.991          1.728          0.986
 13.320         0.134          0.991          1.738          0.986
 13.500         0.134          0.991          1.748          0.986
 13.680         0.134          0.991          1.758          0.986
 13.860         0.135          0.991          1.768          0.986
 14.040         0.135          0.991          1.778          0.985
 14.220         0.136          0.991          1.788          0.985
 14.400         0.136          0.991          1.798          0.985
 14.580         0.137          0.990          1.808          0.985
 14.760         0.137          0.990          1.818          0.985
 14.940         0.137          0.990          1.828          0.984
 15.120         0.138          0.990          1.838          0.984
 15.300         0.138          0.990          1.848          0.984
 15.480         0.139          0.990          1.857          0.984
 15.660         0.139          0.990          1.867          0.984
 15.840         0.139          0.989          1.877          0.983
 16.020         0.140          0.989          1.887          0.983
 16.200         0.140          0.989          1.897          0.983
 16.380         0.141          0.989          1.907          0.983
 16.560         0.141          0.989          1.917          0.983
 16.740         0.141          0.989          1.927          0.982
 16.920         0.142          0.989          1.937          0.982
 17.100         0.142          0.988          1.947          0.982
 17.280         0.142          0.988          1.957          0.982
 17.460         0.143          0.988          1.967          0.982
 17.640         0.143          0.988          1.977          0.981
 17.820         0.144          0.988          1.987          0.981
 18.000         0.144          0.988          1.997          0.981
