  0.000         0.300          1.000          1.000          1.000
  0.180         0.302          0.999          1.010          0.998
  0.360         0.304          0.998          1.020          0.997
  0.540         0.306          0.997          1.029          0.995
  0.720         0.308          0.996          1.039          0.993
  0.900         0.310          0.995          1.049          0.991
  1.080         0.312          0.994          1.059          0.990
  1.260         0.314          0.993          1.069          0.988
  1.440         0.316          0.992          1.078          0.986
  1.620         0.318          0.992          1.088          0.985
  1.800         0.320          0.991          1.098          0.983
  1.980         0.322          0.990          1.108          0.981
  2.160         0.324          0.989          1.118          0.979
  2.340         0.326          0.988          1.127          0.977
  2.520         0.328          0.987          1.137          0.976
  2.700         0.330          0.986          1.147          0.974
  2.880         0.332          0.985          1.157          0.972
  3.060         0.334          0.984          1.166          0.970
  3.240         0.336          0.983          1.176          0.968
  3.420         0.338          0.982          1.186          0.966
  3.600         0.340          0.980          1.196          0.965
  3.780         0.342          0.979          1.205          0.963
  3.960         0.344          0.978          1.215          0.961
  4.140         0.346          0.977          1.225          0.959
  4.320         0.348          0.976          1.234          0.957
  4.500         0.350          0.975          1.244          0.955
  4.680         0.352          0.974          1.254          0.953
  4.860         0.354          0.973          1.263          0.951
  5.040         0.356          0.972          1.273          0.949
  5.220         0.358          0.971          1.283          0.947
  5.400         0.361          0.970          1.292          0.945
  5.580         0.363          0.969          1.302          0.943
  5.760         0.365          0.968          1.312          0.941
  5.940         0.367          0.966          1.321          0.939
  6.120         0.369          0.965          1.331          0.937
  6.300         0.371          0.964          1.341          0.935
  6.480         0.373          0.963          1.350          0.933
  6.660         0.375          0.962          1.360          0.931
  6.840         0.378          0.961          1.369          0.929
  7.020         0.380          0.960          1.379          0.927
  7.200         0.382          0.958          1.389          0.925
  7.380         0.384          0.957          1.398          0.923
  7.560         0.386          0.956          1.408          0.921
  7.740         0.389          0.955          1.417          0.918
  7.920         0.391          0.954          1.427          0.916
  8.100         0.393          0.953          1.436          0.914
  8.280         0.395          0.951          1.446          0.912
  8.460         0.397          0.950          1.455          0.910
  8.640         0.400          0.949          1.465          0.908
  8.820         0.402          0.948          1.475          0.905
  9.000         0.404          0.946          1.484          0.903
  9.180         0.407          0.945          1.493          0.901
  9.360         0.409          0.944          1.503          0.899
  9.540         0.411          0.943          1.512          0.896
  9.720         0.414          0.941          1.522          0.894
  9.900         0.416          0.940          1.531          0.892
 10.080         0.418          0.939          1.541          0.889
 10.260         0.421          0.938          1.550          0.887
 10.440         0.423          0.936          1.560          0.885
 10.620         0.425          0.935          1.569          0.882
 10.800         0.428          0.934          1.578          0.880
 10.980         0.430          0.932          1.588          0.877
 11.160         0.433          0.931          1.597          0.875
 11.340         0.435          0.930          1.607          0.872
 11.520         0.438          0.928          1.616          0.870
 11.700         0.440          0.927          1.625          0.867
 11.880         0.443          0.925          1.635          0.865
 12.060         0.445          0.924          1.644          0.862
 12.240         0.448          0.923          1.653          0.860
 12.420         0.450          0.921          1.662          0.857
 12.600         0.453          0.920          1.672          0.855
 12.780         0.456          0.918          1.681          0.852
 12.960         0.458          0.917          1.690          0.849
 13.140         0.461          0.915          1.699          0.847
 13.320         0.464          0.914          1.709          0.844
 13.500         0.466          0.913          1.718          0.841
 13.680         0.469          0.911          1.727          0.839
 13.860         0.472          0.910          1.736          0.836
 14.040         0.475          0.908          1.745          0.833
 14.220         0.478          0.907          1.754          0.830
 14.400         0.481          0.905          1.763          0.827
 14.580         0.483          0.903          1.773          0.825
 14.760         0.486          0.902          1.782          0.822
 14.940         0.489          0.900          1.791          0.819
 15.120         0.492          0.899          1.800          0.816
 15.300         0.495          0.897          1.809          0.813
 15.480         0.498          0.896          1.818          0.810
 15.660         0.501          0.894          1.827          0.807
 15.840         0.504          0.892          1.836          0.804
 16.020         0.508          0.891          1.845          0.801
 16.200         0.511          0.889          1.853          0.798
 16.380         0.514          0.887          1.862          0.795
 16.560         0.517          0.886          1.871          0.791
 16.740         0.521          0.884          1.880          0.788
 16.920         0.524          0.882          1.889          0.785
 17.100         0.527          0.881          1.898          0.782
 17.280         0.531          0.879          1.906          0.778
 17.460         0.534          0.877          1.915          0.775
 17.640         0.538          0.875          1.924          0.772
 17.820         0.541          0.874          1.932          0.768
 18.000         0.545          0.872          1.941          0.765
