  0.000         0.250          1.000          1.000          1.000
  0.180         0.252          0.999          1.010          0.999
  0.360         0.253          0.999          1.020          0.998
  0.540         0.255          0.998          1.030          0.997
  0.720         0.256          0.997          1.040          0.995
  0.900         0.258          0.997          1.049          0.994
  1.080         0.259          0.996          1.059          0.993
  1.260         0.261          0.995          1.069          0.992
  1.440         0.262          0.995          1.079          0.991
  1.620         0.264          0.994          1.089          0.990
  1.800         0.265          0.993          1.099          0.988
  1.980         0.267          0.993          1.109          0.987
  2.160         0.268          0.992          1.118          0.986
  2.340         0.270          0.991          1.128          0.985
  2.520         0.271          0.991          1.138          0.984
  2.700         0.273          0.990          1.148          0.983
  2.880         0.274          0.989          1.158          0.981
  3.060         0.276          0.989          1.168          0.980
  3.240         0.277          0.988          1.178          0.979
  3.420         0.279          0.987          1.187          0.978
  3.600         0.280          0.987          1.197          0.976
  3.780         0.282          0.986          1.207          0.975
  3.960         0.283          0.985          1.217          0.974
  4.140         0.285          0.984          1.227          0.973
  4.320         0.286          0.984          1.236          0.972
  4.500         0.288          0.983          1.246          0.970
  4.680         0.289          0.982          1.256          0.969
  4.860         0.291          0.982          1.266          0.968
  5.040         0.292          0.981          1.276          0.966
  5.220         0.294          0.980          1.286          0.965
  5.400         0.295          0.979          1.295          0.964
  5.580         0.297          0.979          1.305          0.963
  5.760         0.298          0.978          1.315          0.961
  5.940         0.300          0.977          1.325          0.960
  6.120         0.301          0.976          1.334          0.959
  6.300         0.303          0.976          1.344          0.957
  6.480         0.304          0.975          1.354          0.956
  6.660         0.306          0.974          1.364          0.955
  6.840         0.307          0.973          1.374          0.954
  7.020         0.309          0.972          1.383          0.952
  7.200         0.310          0.972          1.393          0.951
  7.380         0.312          0.971          1.403          0.949
  7.560         0.313          0.970          1.413          0.948
  7.740         0.315          0.969          1.422          0.947
  7.920         0.316          0.969          1.432          0.945
  8.100         0.318          0.968          1.442          0.944
  8.280         0.319          0.967          1.452          0.943
  8.460         0.321          0.966          1.461          0.941
  8.640         0.322          0.965          1.471          0.940
  8.820         0.324          0.964          1.481          0.939
  9.000         0.325          0.964          1.490          0.937
  9.180         0.327          0.963          1.500          0.936
  9.360         0.329          0.962          1.510          0.934
  9.540         0.330          0.961          1.520          0.933
  9.720         0.332          0.960          1.529          0.931
  9.900         0.333          0.959          1.539          0.930
 10.080         0.335          0.959          1.549          0.929
 10.260         0.336          0.958          1.558          0.927
 10.440         0.338          0.957          1.568          0.926
 10.620         0.340          0.956          1.578          0.924
 10.800         0.341          0.955          1.587          0.923
 10.980         0.343          0.954          1.597          0.921
 11.160         0.344          0.953          1.607          0.920
 11.340         0.346          0.953          1.616          0.918
 11.520         0.347          0.952          1.626          0.917
 11.700         0.349          0.951          1.636          0.915
 11.880         0.351          0.950          1.645          0.914
 12.060         0.352          0.949          1.655          0.912
 12.240         0.354          0.948          1.665          0.911
 12.420         0.355          0.947          1.674          0.909
 12.600         0.357          0.946          1.684          0.908
 12.780         0.359          0.945          1.693          0.906
 12.960         0.360          0.945          1.703          0.905
 13.140         0.362          0.944          1.713          0.903
 13.320         0.364          0.943          1.722          0.901
 13.500         0.365          0.942          1.732          0.900
 13.680         0.367          0.941          1.741          0.898
 13.860         0.369          0.940          1.751          0.897
 14.040         0.370          0.939          1.761          0.895
 14.220         0.372          0.938          1.770          0.893
 14.400         0.374          0.937          1.780          0.892
 14.580         0.375          0.936          1.789          0.890
 14.760         0.377          0.935          1.799          0.889
 14.940         0.379          0.934          1.808          0.887
 15.120         0.380          0.933          1.818          0.885
 15.300         0.382          0.932          1.827          0.884
 15.480         0.384          0.931          1.837          0.882
 15.660         0.385          0.930          1.847          0.880
 15.840         0.387          0.929          1.856          0.879
 16.020         0.389          0.928          1.866          0.877
 16.200         0.391          0.927          1.875          0.875
 16.380         0.392          0.926          1.885          0.873
 16.560         0.394          0.925          1.894          0.872
 16.740         0.396          0.924          1.904          0.870
 16.920         0.398          0.923          1.913          0.868
 17.100         0.400          0.922          1.922          0.866
 17.280         0.401          0.921          1.932          0.865
 17.460         0.403          0.920          1.941          0.863
 17.640         0.405          0.919          1.951          0.861
 17.820         0.407          0.918          1.960          0.859
 18.000         0.409          0.917          1.970          0.857
