  0.000         0.200          1.000          1.000          1.000
  0.180         0.201          1.000          1.010          0.999
  0.360         0.202          0.999          1.020          0.999
  0.540         0.203          0.999          1.030          0.998
  0.720         0.205          0.998          1.040          0.997
  0.900         0.206          0.998          1.050          0.996
  1.080         0.207          0.998          1.060          0.996
  1.260         0.208          0.997          1.069          0.995
  1.440         0.209          0.997          1.079          0.994
  1.620         0.210          0.996          1.089          0.994
  1.800         0.211          0.996          1.099          0.993
  1.980         0.212          0.995          1.109          0.992
  2.160         0.213          0.995          1.119          0.991
  2.340         0.214          0.995          1.129          0.991
  2.520         0.216          0.994          1.139          0.990
  2.700         0.217          0.994          1.149          0.989
  2.880         0.218          0.993          1.159          0.988
  3.060         0.219          0.993          1.169          0.988
  3.240         0.220          0.992          1.179          0.987
  3.420         0.221          0.992          1.188          0.986
  3.600         0.222          0.991          1.198          0.985
  3.780         0.223          0.991          1.208          0.985
  3.960         0.224          0.991          1.218          0.984
  4.140         0.225          0.990          1.228          0.983
  4.320         0.226          0.990          1.238          0.982
  4.500         0.228          0.989          1.248          0.982
  4.680         0.229          0.989          1.258          0.981
  4.860         0.230          0.988          1.268          0.980
  5.040         0.231          0.988          1.277          0.979
  5.220         0.232          0.987          1.287          0.979
  5.400         0.233          0.987          1.297          0.978
  5.580         0.234          0.986          1.307          0.977
  5.760         0.235          0.986          1.317          0.976
  5.940         0.236          0.985          1.327          0.975
  6.120         0.237          0.985          1.337          0.975
  6.300         0.238          0.985          1.347          0.974
  6.480         0.239          0.984          1.357          0.973
  6.660         0.240          0.984          1.366          0.972
  6.840         0.241          0.983          1.376          0.972
  7.020         0.243          0.983          1.386          0.971
  7.200         0.244          0.982          1.396          0.970
  7.380         0.245          0.982          1.406          0.969
  7.560         0.246          0.981          1.416          0.968
  7.740         0.247          0.981          1.426          0.967
  7.920         0.248          0.980          1.435          0.967
  8.100         0.249          0.980          1.445          0.966
  8.280         0.250          0.979          1.455          0.965
  8.460         0.251          0.979          1.465          0.964
  8.640         0.252          0.978          1.475          0.963
  8.820         0.253          0.978          1.485          0.963
  9.000         0.254          0.977          1.495          0.962
  9.180         0.255          0.977          1.504          0.961
  9.360         0.256          0.976          1.514          0.960
  9.540         0.257          0.976          1.524          0.959
  9.720         0.258          0.975          1.534          0.958
  9.900         0.259          0.975          1.544          0.958
 10.080         0.260          0.974          1.554          0.957
 10.260         0.262          0.974          1.563          0.956
 10.440         0.263          0.973          1.573          0.955
 10.620         0.264          0.972          1.583          0.954
 10.800         0.265          0.972          1.593          0.953
 10.980         0.266          0.971          1.603          0.952
 11.160         0.267          0.971          1.613          0.952
 11.340         0.268          0.970          1.622          0.951
 11.520         0.269          0.970          1.632          0.950
 11.700         0.270          0.969          1.642          0.949
 11.880         0.271          0.969          1.652          0.948
 12.060         0.272          0.968          1.662          0.947
 12.240         0.273          0.968          1.671          0.946
 12.420         0.274          0.967          1.681          0.945
 12.600         0.275          0.967          1.691          0.944
 12.780         0.276          0.966          1.701          0.944
 12.960         0.277          0.965          1.711          0.943
 13.140         0.278          0.965          1.720          0.942
 13.320         0.279          0.964          1.730          0.941
 13.500         0.281          0.964          1.740          0.940
 13.680         0.282          0.963          1.750          0.939
 13.860         0.283          0.963          1.760          0.938
 14.040         0.284          0.962          1.769          0.937
 14.220         0.285          0.961          1.779          0.936
 14.400         0.286          0.961          1.789          0.935
 14.580         0.287          0.960          1.799          0.934
 14.760         0.288          0.960          1.809          0.934
 14.940         0.289          0.959          1.818          0.933
 15.120         0.290          0.959          1.828          0.932
 15.300         0.291          0.958          1.838          0.931
 15.480         0.292          0.957          1.848          0.930
 15.660         0.293          0.957          1.857          0.929
 15.840         0.294          0.956          1.867          0.928
 16.020         0.295          0.956          1.877          0.927
 16.200         0.296          0.955          1.887          0.926
 16.380         0.298          0.954          1.896          0.925
 16.560         0.299          0.954          1.906          0.924
 16.740         0.300          0.953          1.916          0.923
 16.920         0.301          0.953          1.926          0.922
 17.100         0.302          0.952          1.935          0.921
 17.280         0.303          0.951          1.945          0.920
 17.460         0.304          0.951          1.955          0.919
 17.640         0.305          0.950          1.965          0.918
 17.820         0.306          0.949          1.974          0.917
 18.000         0.307          0.949          1.984          0.916
