  0.000         0.350          1.000          1.000          1.000
  0.180         0.353          0.999          1.010          0.998
  0.360         0.355          0.997          1.019          0.995
  0.540         0.358          0.996          1.029          0.993
  0.720         0.360          0.995          1.039          0.990
  0.900         0.363          0.994          1.049          0.988
  1.080         0.365          0.992          1.058          0.985
  1.260         0.368          0.991          1.068          0.983
  1.440         0.371          0.990          1.078          0.980
  1.620         0.373          0.988          1.087          0.978
  1.800         0.376          0.987          1.097          0.975
  1.980         0.378          0.986          1.107          0.973
  2.160         0.381          0.984          1.116          0.970
  2.340         0.384          0.983          1.126          0.968
  2.520         0.386          0.982          1.136          0.965
  2.700         0.389          0.980          1.145          0.962
  2.880         0.392          0.979          1.155          0.960
  3.060         0.394          0.977          1.164          0.957
  3.240         0.397          0.976          1.174          0.954
  3.420         0.400          0.975          1.184          0.952
  3.600         0.403          0.973          1.193          0.949
  3.780         0.405          0.972          1.203          0.946
  3.960         0.408          0.970          1.212          0.943
  4.140         0.411          0.969          1.222          0.941
  4.320         0.414          0.967          1.231          0.938
  4.500         0.417          0.966          1.241          0.935
  4.680         0.420          0.964          1.250          0.932
  4.860         0.422          0.963          1.260          0.929
  5.040         0.425          0.961          1.269          0.926
  5.220         0.428          0.960          1.279          0.923
  5.400         0.431          0.958          1.288          0.920
  5.580         0.434          0.957          1.297          0.917
  5.760         0.437          0.955          1.307          0.914
  5.940         0.440          0.954          1.316          0.911
  6.120         0.443          0.952          1.326          0.908
  6.300         0.446          0.950          1.335          0.905
  6.480         0.449          0.949          1.344          0.902
  6.660         0.452          0.947          1.354          0.899
  6.840         0.456          0.945          1.363          0.896
  7.020         0.459          0.944          1.372          0.892
  7.200         0.462          0.942          1.382          0.889
  7.380         0.465          0.940          1.391          0.886
  7.560         0.469          0.939          1.400          0.883
  7.740         0.472          0.937          1.409          0.879
  7.920         0.475          0.935          1.419          0.876
  8.100         0.479          0.933          1.428          0.872
  8.280         0.482          0.932          1.437          0.869
  8.460         0.485          0.930          1.446          0.866
  8.640         0.489          0.928          1.455          0.862
  8.820         0.492          0.926          1.464          0.858
  9.000         0.496          0.925          1.473          0.855
  9.180         0.500          0.923          1.482          0.851
  9.360         0.503          0.921          1.491          0.848
  9.540         0.507          0.919          1.500          0.844
  9.720         0.511          0.917          1.509          0.840
  9.900         0.515          0.915          1.518          0.836
 10.080         0.518          0.913          1.527          0.832
 10.260         0.522          0.911          1.536          0.829
 10.440         0.526          0.909          1.545          0.825
 10.620         0.530          0.907          1.554          0.821
 10.800         0.534          0.905          1.563          0.817
 10.980         0.539          0.903          1.571          0.813
 11.160         0.543          0.901          1.580          0.808
 11.340         0.547          0.899          1.589          0.804
 11.520         0.551          0.897          1.598          0.800
 11.700         0.556          0.895          1.606          0.796
 11.880         0.560          0.893          1.615          0.791
 12.060         0.565          0.891          1.623          0.787
 12.240         0.570          0.889          1.632          0.782
 12.420         0.575          0.886          1.640          0.778
 12.600         0.580          0.884          1.649          0.773
 12.780         0.585          0.882          1.657          0.768
 12.960         0.590          0.880          1.665          0.763
 13.140         0.595          0.877          1.673          0.758
 13.320         0.600          0.875          1.682          0.753
 13.500         0.606          0.873          1.690          0.748
 13.680         0.611          0.870          1.698          0.743
 13.860         0.617          0.868          1.706          0.738
 14.040         0.623          0.865          1.713          0.732
 14.220         0.629          0.863          1.721          0.727
 14.400         0.635          0.860          1.729          0.721
 14.580         0.642          0.858          1.736          0.715
 14.760         0.648          0.855          1.744          0.710
 14.940         0.655          0.853          1.751          0.703
 15.120         0.662          0.850          1.759          0.697
 15.300         0.670          0.847          1.766          0.691
 15.480         0.678          0.845          1.773          0.684
 15.660         0.686          0.842          1.779          0.677
 15.840         0.694          0.839          1.786          0.670
 16.020         0.703          0.836          1.793          0.663
 16.200         0.712          0.833          1.799          0.655
 16.380         0.722          0.830          1.805          0.648
 16.560         0.732          0.827          1.811          0.639
 16.740         0.743          0.824          1.816          0.631
 16.920         0.754          0.820          1.821          0.622
 17.100         0.767          0.817          1.826          0.612
 17.280         0.780          0.814          1.830          0.602
 17.460         0.795          0.810          1.833          0.591
 17.640         0.811          0.807          1.836          0.579
 17.820         0.830          0.803          1.838          0.566
 18.000         0.851          0.799          1.838          0.552
