  0.000         0.400          1.000          1.000          1.000
  0.180         0.403          0.998          1.010          0.997
  0.360         0.406          0.997          1.019          0.993
  0.540         0.410          0.995          1.029          0.990
  0.720         0.413          0.993          1.038          0.987
  0.900         0.416          0.992          1.048          0.983
  1.080         0.420          0.990          1.058          0.980
  1.260         0.423          0.988          1.067          0.976
  1.440         0.426          0.987          1.077          0.973
  1.620         0.430          0.985          1.086          0.969
  1.800         0.433          0.983          1.096          0.966
  1.980         0.437          0.981          1.105          0.962
  2.160         0.440          0.979          1.115          0.959
  2.340         0.444          0.978          1.124          0.955
  2.520         0.447          0.976          1.133          0.951
  2.700         0.451          0.974          1.143          0.947
  2.880         0.455          0.972          1.152          0.944
  3.060         0.458          0.970          1.162          0.940
  3.240         0.462          0.968          1.171          0.936
  3.420         0.466          0.966          1.180          0.932
  3.600         0.470          0.964          1.190          0.928
  3.780         0.473          0.962          1.199          0.924
  3.960         0.477          0.961          1.208          0.920
  4.140         0.481          0.959          1.217          0.916
  4.320         0.485          0.957          1.227          0.912
  4.500         0.489          0.955          1.236          0.908
  4.680         0.493          0.952          1.245          0.904
  4.860         0.497          0.950          1.254          0.899
  5.040         0.502          0.948          1.263          0.895
  5.220         0.506          0.946          1.272          0.891
  5.400         0.510          0.944          1.281          0.886
  5.580         0.514          0.942          1.290          0.882
  5.760         0.519          0.940          1.299          0.877
  5.940         0.523          0.938          1.308          0.872
  6.120         0.528          0.935          1.317          0.868
  6.300         0.533          0.933          1.326          0.863
  6.480         0.537          0.931          1.335          0.858
  6.660         0.542          0.929          1.344          0.853
  6.840         0.547          0.926          1.353          0.848
  7.020         0.552          0.924          1.361          0.843
  7.200         0.557          0.922          1.370          0.838
  7.380         0.562          0.919          1.379          0.833
  7.560         0.568          0.917          1.387          0.828
  7.740         0.573          0.914          1.396          0.822
  7.920         0.579          0.912          1.404          0.817
  8.100         0.584          0.909          1.413          0.811
  8.280         0.590          0.907          1.421          0.806
  8.460         0.596          0.904          1.429          0.800
  8.640         0.602          0.901          1.438          0.794
  8.820         0.608          0.899          1.446          0.788
  9.000         0.615          0.896          1.454          0.782
  9.180         0.622          0.893          1.462          0.775
  9.360         0.628          0.891          1.470          0.769
  9.540         0.635          0.888          1.478          0.762
  9.720         0.643          0.885          1.485          0.755
  9.900         0.650          0.882          1.493          0.748
 10.080         0.658          0.879          1.500          0.741
 10.260         0.666          0.876          1.508          0.734
 10.440         0.675          0.873          1.515          0.726
 10.620         0.684          0.870          1.522          0.718
 10.800         0.693          0.867          1.529          0.710
 10.980         0.703          0.863          1.535          0.701
 11.160         0.713          0.860          1.542          0.692
 11.340         0.724          0.857          1.548          0.683
 11.520         0.735          0.853          1.554          0.673
 11.700         0.748          0.850          1.559          0.663
 11.880         0.761          0.846          1.564          0.652
 12.060         0.776          0.842          1.569          0.641
 12.240         0.792          0.838          1.573          0.628
 12.420         0.809          0.834          1.576          0.615
 12.600         0.830          0.830          1.579          0.600
 12.780         0.853          0.826          1.579          0.582
 12.960         0.882          0.821          1.578          0.562
 13.140         0.920          0.817          1.573          0.537
 13.320         0.980          0.811          1.558          0.498
 13.500         1.232          0.806          1.453          0.336
 13.680         1.190          0.796          1.479          0.351
 13.860         1.143          0.788          1.508          0.368
 14.040         1.086          0.780          1.540          0.390
 14.220         1.000          0.774          1.584          0.425
 14.400           NaN          0.768         13.854         14.664
 14.580           NaN            NaN            NaN            NaN
 14.760           NaN            NaN            NaN            NaN
 14.940           NaN            NaN            NaN            NaN
 15.120           NaN            NaN            NaN            NaN
 15.300           NaN            NaN            NaN            NaN
 15.480           NaN            NaN            NaN            NaN
 15.660           NaN            NaN            NaN            NaN
 15.840           NaN            NaN            NaN            NaN
 16.020           NaN            NaN            NaN            NaN
 16.200           NaN            NaN            NaN            NaN
 16.380           NaN            NaN            NaN            NaN
 16.560           NaN            NaN            NaN            NaN
 16.740           NaN            NaN            NaN            NaN
 16.920           NaN            NaN            NaN            NaN
 17.100           NaN            NaN            NaN            NaN
 17.280           NaN            NaN            NaN            NaN
 17.460           NaN            NaN            NaN            NaN
 17.640           NaN            NaN            NaN            NaN
 17.820           NaN            NaN            NaN            NaN
 18.000           NaN            NaN            NaN            NaN
