0 0.30 1.00 1.00 1.00
0.18 0.30 1.00 1.01 1.00
0.36 0.30 1.00 1.02 1.00
0.54 0.31 1.00 1.03 0.99
0.72 0.31 1.00 1.04 0.99
0.90 0.31 1.00 1.05 0.99
1.08 0.31 0.99 1.06 0.99
1.26 0.31 0.99 1.07 0.99
1.44 0.32 0.99 1.08 0.99
1.62 0.32 0.99 1.09 0.98
1.80 0.32 0.99 1.10 0.98
1.98 0.32 0.99 1.11 0.98
2.16 0.32 0.99 1.12 0.98
2.34 0.33 0.99 1.13 0.98
2.52 0.33 0.99 1.14 0.98
2.70 0.33 0.99 1.15 0.97
2.88 0.33 0.98 1.16 0.97
3.06 0.33 0.98 1.16 0.97
3.24 0.34 0.98 1.17 0.97
3.42 0.34 0.98 1.18 0.97
3.60 0.34 0.98 1.19 0.96
3.78 0.34 0.98 1.20 0.96
3.96 0.34 0.98 1.21 0.96
4.14 0.35 0.98 1.22 0.96
4.32 0.35 0.98 1.23 0.96
4.50 0.35 0.98 1.24 0.96
4.68 0.35 0.97 1.25 0.95
4.86 0.35 0.97 1.26 0.95
5.04 0.36 0.97 1.27 0.95
5.22 0.36 0.97 1.28 0.95
5.40 0.36 0.97 1.29 0.95
5.58 0.36 0.97 1.30 0.94
5.76 0.36 0.97 1.31 0.94
5.94 0.37 0.97 1.32 0.94
6.12 0.37 0.97 1.33 0.94
6.30 0.37 0.96 1.34 0.94
6.48 0.37 0.96 1.35 0.93
6.66 0.37 0.96 1.36 0.93
6.84 0.38 0.96 1.37 0.93
7.02 0.38 0.96 1.38 0.93
7.20 0.38 0.96 1.38 0.93
7.38 0.38 0.96 1.39 0.92
7.56 0.39 0.96 1.40 0.92
7.74 0.39 0.96 1.41 0.92
7.92 0.39 0.95 1.42 0.92
8.10 0.39 0.95 1.43 0.91
8.28 0.39 0.95 1.44 0.91
8.46 0.40 0.95 1.45 0.91
8.64 0.40 0.95 1.46 0.91
8.82 0.40 0.95 1.47 0.91
9.00 0.40 0.95 1.48 0.90
9.18 0.41 0.95 1.49 0.90
9.36 0.41 0.94 1.50 0.90
9.54 0.41 0.94 1.51 0.90
9.72 0.41 0.94 1.52 0.89
9.90 0.41 0.94 1.53 0.89
10.08 0.42 0.94 1.54 0.89
10.26 0.42 0.94 1.54 0.89
10.44 0.42 0.94 1.55 0.89
10.62 0.42 0.94 1.56 0.88
10.80 0.43 0.93 1.57 0.88
10.98 0.43 0.93 1.58 0.88
11.16 0.43 0.93 1.59 0.88
11.34 0.43 0.93 1.60 0.87
11.52 0.44 0.93 1.61 0.87
11.70 0.44 0.93 1.62 0.87
11.88 0.44 0.93 1.63 0.87
12.06 0.44 0.92 1.64 0.86
12.24 0.45 0.92 1.65 0.86
12.42 0.45 0.92 1.66 0.86
12.60 0.45 0.92 1.67 0.86
12.78 0.45 0.92 1.67 0.85
12.96 0.46 0.92 1.68 0.85
13.14 0.46 0.92 1.69 0.85
13.32 0.46 0.91 1.70 0.85
13.50 0.46 0.91 1.71 0.84
13.68 0.47 0.91 1.72 0.84
13.86 0.47 0.91 1.73 0.84
14.04 0.47 0.91 1.74 0.83
14.22 0.48 0.91 1.75 0.83
14.40 0.48 0.91 1.76 0.83
14.58 0.48 0.90 1.77 0.83
14.76 0.48 0.90 1.77 0.82
14.94 0.49 0.90 1.78 0.82
15.12 0.49 0.90 1.79 0.82
15.30 0.49 0.90 1.80 0.81
15.48 0.50 0.90 1.81 0.81
15.66 0.50 0.89 1.82 0.81
15.84 0.50 0.89 1.83 0.81
16.02 0.51 0.89 1.84 0.80
16.20 0.51 0.89 1.85 0.80
16.38 0.51 0.89 1.85 0.80
16.56 0.51 0.89 1.86 0.79
16.74 0.52 0.89 1.87 0.79
16.92 0.52 0.88 1.88 0.79
17.10 0.52 0.88 1.89 0.78
17.28 0.53 0.88 1.90 0.78
17.46 0.53 0.88 1.91 0.78
17.64 0.53 0.88 1.92 0.77
17.82 0.54 0.87 1.92 0.77
18.00 0.54 0.87 1.93 0.77
